 1670588364  781363464 3251594145 1388729552
 1705645767  301252904 4116953892  322604647
  107778567  630937728  118426241 3236182608
 1993421259  872982576 1850989390 2369641149
 1801643399 3065120216 1759564737  849584386
 4017804330   77022121 2341168410  271370482
 3909369483  177283598 1138717790 3692109523
 2622572910 1555423549 2653026107 3213989501
 2895118997 3411320757 1855687562  703362252
 1848901759 4105107095 1269236749 3372516268
 1615204792 3899252618 3048098013 4180746110
 2884962311 3554743585  257055316 2354094772
 1441110155 4287048072 2252272864 2031046512
 2236421114 2936344966   23449905 1925707579
 3856926824 1727364340 2470848775  825035516
 2262636619 1449857000 3576416910  650624448
 2921320585  594028602 2518778752  872230047
 1769926276 1011605878 4037238904  180755761
  343520948 4160721600 2843198854  367668016
 2573117059 3835944518 1277527221 1539690363
 3128329908  797098900 2348640408 1925106029
  848970264 3168557086 2797014976  601645363
 1255441154 1641375473  590406154 3533173181
 4128533089  561583006 1042499555  137298447
 2517677232 2109818551  757066333 1114372457
 3721115260 1304465130 2415464782 2946930816
 4095719416 2949399010 3211732732 1106676393
 3118842269  907455270 1459715435 3611528955
  146968693 3694013570   47212597  469512179
 1605011474 3766326629 1760477940 2442025532
 3738927725 1110961803 1336615918 3065351222
 3221541677 3137072371  249744251 3547883396
 3070694314 2067705079 2259407183 1204170262
 1053615331 2692501436 4135055837 1410324265
 1953883963 3343020482 2603594008  293150729
 2126645039 1168270166  276878391  547859823
 2727135635 4109569098 3622553869  891491598
 2658027217  929170379
